877
268
119
109
244
303
104
340
216
151
106
344
170
181
332
146
133
156
292
118
94
115
518
154
204
337
136
133
346
125
112
201
324
102
135
372
142
143
189
293
181
197
328
126
117
262
321
129
379
125
115
197
347
108
117
370
142
138
202
306
124
197
402
91
147
195
272
120
135
272
385
339
204
161
136
337
233
237
417
677
394
261
140
101
321
130
149
201
342
162
201
365
94
143
402
137
137
203
205
143
123
237
428
250
391
192
345
154
123
122
254
195
141
272
295
101
228
346
125
143
355
130
133
198
260
157
135
189
273
212
210
327
176
172
325
146
157
343
140
145
177
431
135
146
332
140
130
356
143
142
189
331
138
137
310
132
137
138
384
155
137
356
152
136
192
334
140
121
364
144
131
263
275
128
203
329
151
118
340
92
198
206
325
135
143
316
237
278
424
225
470
198
448
393
385
399
705
447
642
183
374
198
115
291
109
110
115
149
288
117
202
173
300
221
232
224
156
345
248
404
438
302
415
223
400
206
574
360
308
391
320
225
340
240
192
423
224
296
288
211
403
231
315
229
200
437
219
431
258
267
278
228
411
224
347
247
306
383
309
481
199
504
224
476
192
441
253
415
204
233
418
269
603
296
417
294
422
383
296
407
443
551
202
432
266
475
118
375
222
262
356
225
367
175
288
401
192
235
280
226
380
237
262
348
226
453
249
383
186
240
342
206
198
395
218
363
210
193
432
165
431
230
259
388
270
426
189
404
168
190
420
178
403
232
286
383
257
405
183
250
303
294
400
216
188
327
217
447
270
435
258
363
367
410
238
243
446
211
412
287
368
182
240
527
313
278
289
792
231
187
194
201
182
370
174
152
187
208
262
384
178
304
204
248
440
136
250
234
156
292
234
304
160
191
265
344
248
211
180
238
299
251
200
217
192
216
230
415
200
214
187
210
243
250
272
217
240
158
336
232
273
248
190
242
344
240
251
244
235
354
229
202
167
235
255
277
181
207
287
244
234
220
355
185
203
207
429
218
232
217
198
250
207
192
186
188
190
285
329
228
252
147
227
267
308
250
186
196
204
269
199
188
226
238
215
250
334
243
153
120
141
162
177
205
151
181
264
204
313
405
114
135
134
129
147
133
194
324
144
153
152
191
220
226
427
257
210
206
258
327
238
186
212
280
393
238
227
210
254
436
249
201
204
167
227
375
227
195
210
203
246
259
212
206
197
211
243
282
187
183
226
223
233
342
241
188
205
202
250
229
218
236
187
194
262
252
220
248
259
241
480
245
186
223
188
239
274
241
269
216
197
386
260
214
158
246
227
314
279
237
227
249
351
185
207
204
213
185
377
171
189
201
184
277
370
253
193
215
198
317
177
191
290
217
236
320
180
203
202
207
151
177
377
187
197
211
263
247
234
222
296
210
227
246
180
235
253
186
190
206
337
230
230
259
197
391
205
250
246
212
217
241
245
224
213
272
193
232
214
139
187
189
186
200
244
190
183
240
193
155
179
262
185
211
151
186
184
382
243
326
234
172
155
304
225
214
198
197
186
346
181
207
206
269
228
204
207
234
183
229
218
393
188
192
184
213
192
373
216
228
243
248
366
225
224
209
259
248
185
203
195
205
192
299
344
168
208
217
211
199
419
291
203
247
291
401
186
270
232
229
410
246
246
177
200
229
242
246
203
197
207
255
237
277
262
271
275
302
152
147
130
137
126
143
186
223
164
98
210
275
138
238
232
181
155
191
212
190
416
213
218
146
173
213
352
254
186
215
152
290
454
184
207
155
254
173
273
206
202
216
221
236
219
203
210
203
194
190
425
225
216
231
253
400
224
169
258
212
280
227
226
187
341
279
282
249
214
226
225
178
395
215
228
231
240
437
219
248
200
223
176
269
250
192
200
274
231
233
212
204
200
276
317
210
149
184
277
207
246
255
249
154
186
201
194
357
140
283
201
228
220
237
172
188
194
195
222
187
159
203
191
191
168
282
458
237
206
244
247
400
199
176
221
182
202
460
248
207
268
149
119
277
150
184
200
201
211
197
274
228
243
249
230
404
151
226
224
230
221
353
179
217
196
191
253
366
168
311
179
202
196
261
205
180
179
198
181
322
240
196
197
171
222
308
222
239
197
171
126
182
296
192
188
184
190
183
224
288
242
252
180
201
408
250
240
249
279
433
134
176
214
183
194
303
184
188
265
221
302
276
189
188
139
167
200
261
363
227
201
329
284
261
214
235
206
245
249
189
189
212
152
212
296
383
222
226
219
237
365
193
205
267
187
237
403
181
215
243
249
429
191
182
192
187
198
365
209
208
257
155
245
356
248
195
194
227
218
216
202
139
201
199
224
158
386
223
210
222
182
193
236
188
203
187
191
137
194
228
187
230
186
200
196
415
250
186
203
196
210
355
245
211
203
210
227
216
222
221
196
187
245
394
180
198
189
192
233
307
215
193
146
214
291
389
226
206
208
185
269
227
234
248
189
180
239
313
181
198
135
191
169
